ESTUDO ESTATISTICO PSO-RID
Data: 31-Aug-2026 14:30:39
Analise: linear | Sementes: [1 2 3 4 5 6 7 8 9 10 11 12 13 14 15 16 17 18 19 20 21 22 23 24 25 26 27 28 29 30] | Orcamento: 15000 avaliacoes

A datta+violacao
  melhor=2357.97 media=2572.64 desvio=173.05 viabilidade=100%
  pesos por semente: [2596.3 2585.13 2888.29 2476.36 2377.61 2411.46 2747.3 2646.48 2408.65 2374.81 2491.51 2408.65 3082.09 2380.44 2620.6 2357.97 2580.68 2411.46 2744.53 2670.77 2721.88 2536.11 2605.41 2745.69 2653.28 2538.2 2733.79 2375.95 2423.82 2583.96]

B datta+dominante
  melhor=2342.11 media=2579.14 desvio=214.66 viabilidade=100%
  pesos por semente: [2549.63 2864.51 2947.39 2678.02 2375.95 2505.5 2342.11 2551.29 2459.99 2459.99 2800.31 2457.19 2781.17 2457.66 2586.26 2503.42 2542.88 2385.99 2974.47 3257.43 2627.84 2411.46 2471.66 2342.11 2474.01 2488.69 2623.88 2654.93 2342.11 2456.49]

C proporcional
  melhor=2342.11 media=2504.72 desvio=97.40 viabilidade=100%
  pesos por semente: [2489.18 2577.16 2359.63 2356.8 2342.11 2524.21 2448.58 2540.54 2468.41 2567.1 2411.46 2525.36 2588.37 2507.87 2392.3 2552.41 2497.11 2760.9 2650.46 2377.61 2540.55 2518.56 2465.55 2555.71 2506.2 2342.11 2557.32 2621.76 2591.85 2504.57]

